list_of_graphs = {
    0: [(1, 1)],
    1: [(2, 2), (3, 3)],
    2: [(1, 2), (5, 2)],
    3: [(1, 3), (4, 2), (8, 2)],
    4: [(3, 2), (12, 4)],
    5: [(2, 2), (6, 2), (9, 2)],
    6: [(5, 2), (10, 6)],
    7: [(8, 1), (11, 2)],
    8: [(7, 1), (3, 2)],
    9: [(5, 2), (10, 2)],
    10: [(9, 2), (6, 2), (11, 2)],
    11: [(10, 2), (7, 2), (14, 2)],
    12: [(4, 4), (13, 1)],
    13: [(12, 1)],
    14: [(11, 3), (15, 2), (19, 2)],
    15: [(16, 1), (17, 2), (14, 2)],
    16: [(15, 1)],
    17: [(18, 1), (15, 2)],
    18: [(17, 1)],
    19: [(14, 2), (20, 1), (22, 1)],
    20: [(19, 1), (21, 1)]
}